300 3
289 295 583
37 62 589
166 247 133
256 292 446
105 175 6
166 197 723
39 295 840
253 290 551
117 209 713
6 138 462
127 197 579
263 290 823
261 291 275
219 261 534
216 243 273
225 246 568
150 169 706
163 296 278
241 244 946
253 259 711
41 234 298
119 224 29
8 135 188
83 129 150
65 175 477
115 154 724
296 299 592
200 203 941
35 269 968
225 251 802
251 272 953
138 209 355
18 162 949
58 169 515
212 285 201
120 190 14
246 298 676
196 292 731
22 64 24
7 35 325
120 271 446
189 196 614
10 204 3
144 241 239
210 299 855
89 163 477
42 50 670
181 258 493
72 205 223
87 295 804
46 98 946
87 89 948
161 276 541
11 46 913
282 284 861
273 274 918
266 291 103
222 249 712
40 230 684
55 201 339
289 297 478
131 230 405
280 285 178
24 157 43
115 299 216
34 71 251
34 48 457
59 190 566
271 286 307
260 265 352
32 244 729
269 286 235
130 211 779
223 292 67
92 153 985
210 274 739
236 288 510
42 258 263
109 264 195
209 240 231
261 300 470
11 120 563
275 296 455
17 249 688
276 294 876
269 285 881
137 237 620
276 281 548
12 237 727
113 261 488
36 217 226
201 250 66
9 31 763
170 202 495
240 271 656
201 204 461
53 262 866
161 236 974
84 154 702
259 275 709
181 300 698
179 239 44
57 293 333
243 255 696
62 92 199
168 199 825
41 210 665
47 80 228
61 216 130
24 117 915
146 220 463
88 209 946
292 294 926
170 208 507
136 263 726
33 37 164
262 291 349
194 255 901
139 177 70
206 286 582
76 199 926
47 213 326
21 199 199
6 218 956
5 80 795
90 276 18
161 234 438
237 250 920
213 242 789
270 276 98
68 298 261
254 258 917
241 273 167
218 297 342
259 272 138
128 268 753
124 129 363
287 300 632
197 203 139
213 251 366
192 293 875
111 158 832
57 266 182
287 292 851
73 103 696
148 165 443
113 275 959
27 236 890
250 256 838
156 252 226
81 181 634
269 277 339
263 277 963
252 267 408
108 123 982
232 273 126
282 298 561
251 284 21
77 171 129
236 265 320
99 151 748
33 68 321
291 295 307
51 102 225
126 297 416
178 202 720
299 300 537
15 290 934
42 163 246
112 149 258
138 188 689
12 60 765
143 152 318
289 290 232
102 134 359
254 292 392
127 293 127
265 278 873
95 172 167
299 300 552
267 278 251
78 286 251
266 298 241
63 67 184
19 263 839
40 184 540
93 264 412
124 233 14
252 266 720
219 285 658
129 269 498
45 112 987
165 200 150
182 255 589
111 199 585
244 298 848
162 240 449
294 298 926
56 64 915
54 56 309
266 268 719
197 276 480
157 196 61
123 164 779
82 233 217
137 300 734
207 240 721
287 293 8
174 237 115
227 291 561
181 257 600
268 293 779
99 212 52
106 259 11
17 289 191
18 74 430
279 297 621
129 200 821
155 241 397
276 292 68
278 284 843
123 259 867
154 252 127
69 88 475
49 87 149
204 297 437
144 167 833
198 243 434
26 68 221
280 286 756
118 134 347
102 109 65
263 298 741
290 300 82
6 48 570
57 269 71
112 274 669
246 271 85
279 281 678
85 239 564
154 160 5
235 237 250
131 202 75
238 252 237
29 241 744
285 293 140
92 146 853
194 264 855
253 266 320
257 273 995
14 26 596
100 102 669
207 254 730
154 158 607
175 253 424
151 162 681
251 278 518
55 211 767
157 183 509
282 291 668
112 189 999
195 285 553
201 213 41
59 163 261
225 240 940
237 249 649
285 298 162
179 237 442
166 277 629
223 266 698
269 285 914
288 292 283
85 113 406
221 296 4
35 84 19
285 289 545
193 236 17
16 205 640
80 270 324
39 139 684
115 167 770
189 231 825
25 51 870
297 300 633
94 131 721
187 247 909
261 298 231
267 288 203
94 102 944
195 230 610
88 164 222
181 271 777
37 166 179
22 91 470
160 185 908
244 299 786
211 289 104
144 231 319
89 169 928
211 293 208
