300 10
230 272 216
75 83 699
155 179 720
216 246 504
80 87 802
35 44 585
116 137 957
219 282 289
197 266 68
39 273 31
225 255 774
185 273 206
203 271 293
124 215 491
170 249 238
98 99 914
290 300 726
176 251 230
155 181 927
202 220 651
86 89 899
1 6 591
196 202 729
229 286 79
20 28 809
105 144 445
32 287 245
16 29 673
182 216 380
26 218 422
103 133 600
197 225 918
47 55 736
232 260 993
240 287 115
24 54 945
94 102 598
179 226 304
178 197 870
75 125 470
214 224 814
208 255 75
6 199 218
128 223 313
147 162 765
80 235 153
1 8 953
133 147 501
133 144 923
19 21 859
222 231 917
1 16 865
271 300 913
232 236 971
190 242 483
114 120 710
86 116 844
272 300 601
76 174 426
227 259 374
84 94 532
97 175 309
55 69 819
120 128 568
157 195 484
43 67 836
150 228 190
293 300 894
99 170 135
162 164 806
171 294 118
110 237 116
87 101 873
208 214 847
115 129 614
203 204 737
37 107 290
138 149 905
245 246 725
204 259 5
6 278 429
165 181 571
95 250 82
258 298 7
20 94 174
155 177 820
133 155 905
220 250 803
163 271 127
245 252 680
3 195 291
22 24 866
180 208 837
24 290 295
19 169 297
145 149 587
250 263 559
116 133 569
149 155 807
29 177 284
41 45 922
78 100 929
237 245 946
276 300 869
264 297 484
143 166 737
166 204 339
80 209 119
224 242 625
177 194 733
1 30 716
1 16 793
233 294 452
209 212 624
218 263 44
282 300 756
89 197 239
30 41 650
113 134 525
50 58 508
54 84 941
134 221 364
104 144 306
128 145 998
194 220 995
238 274 495
16 20 751
25 66 343
1 15 887
212 220 636
206 209 531
269 296 582
63 241 255
198 266 94
143 202 418
144 156 811
227 237 937
164 180 585
123 140 587
220 225 880
28 35 679
40 67 711
125 160 52
155 175 812
102 114 982
220 245 659
67 80 588
84 94 922
156 172 802
57 84 952
166 178 869
38 49 969
28 100 293
21 95 434
29 50 626
27 37 583
107 257 249
251 284 356
58 74 805
87 189 160
132 136 814
48 63 900
209 222 966
255 282 851
114 194 81
74 83 612
205 209 992
244 259 638
97 118 560
246 276 771
260 278 729
208 209 591
251 298 94
187 291 80
241 276 364
131 133 851
259 289 456
140 165 540
259 272 625
154 197 359
136 155 691
178 206 930
49 61 974
225 232 825
12 27 787
245 280 359
41 48 724
61 73 882
83 98 816
1 19 975
73 84 934
203 270 356
76 103 869
21 47 530
278 300 776
214 232 903
204 209 627
191 265 214
68 234 106
252 271 888
6 12 640
260 283 757
137 141 863
101 212 258
99 103 700
1 18 512
142 143 927
41 222 94
263 293 668
37 50 965
237 260 552
47 139 437
256 288 30
65 215 237
101 103 756
103 115 900
118 142 927
191 252 269
262 295 412
247 285 413
117 289 358
128 281 70
45 75 785
196 214 602
192 276 130
236 260 991
144 232 101
226 296 459
99 116 592
201 251 182
4 265 107
75 108 44
44 289 178
231 244 759
258 274 815
48 57 746
296 300 631
15 43 916
283 300 802
246 269 770
181 196 879
258 299 336
219 280 183
134 155 710
224 237 937
141 162 997
18 41 730
194 216 733
58 220 3
181 208 585
175 196 668
8 38 880
122 297 158
66 86 641
229 284 145
1 22 787
209 224 877
145 229 29
253 285 149
110 115 944
108 265 37
162 187 915
134 273 435
89 113 799
84 86 556
274 300 868
188 269 38
187 205 857
60 204 286
100 110 777
172 174 731
94 97 528
21 65 389
69 78 644
262 299 463
86 116 989
63 76 561
115 132 960
209 227 866
116 131 729
44 48 652
129 138 607
52 262 262
101 210 471
60 130 285
103 123 513
83 86 829
81 244 189
67 84 993
260 290 773
84 99 661
30 40 510
1 30 673
149 178 629
77 293 393
242 258 583
179 194 529
174 203 806
150 221 82
50 66 723
