500 50
116 155 931
61 64 644
112 282 215
56 102 808
18 27 886
218 300 583
80 219 300
83 219 180
192 209 940
155 187 576
129 226 925
228 300 993
174 286 508
23 123 304
1 81 585
99 115 826
13 47 804
160 269 508
157 249 829
150 219 965
169 179 720
139 242 554
101 185 524
114 242 510
155 193 852
98 173 666
64 127 905
1 13 568
186 209 721
210 300 605
12 150 334
227 300 715
8 299 1000
1 99 716
176 256 880
163 290 508
227 300 640
91 249 245
1 8 906
15 199 23
21 259 106
150 298 260
229 300 932
140 274 508
186 256 584
182 238 706
152 164 881
68 88 638
47 98 717
8 28 882
1 99 539
103 213 510
3 29 638
98 174 735
69 203 161
125 205 855
135 271 132
46 145 936
1 61 728
74 149 687
54 107 636
84 204 235
143 244 517
186 213 989
135 229 542
264 300 762
96 266 510
82 265 207
152 285 124
209 300 930
161 267 517
50 177 209
107 292 310
147 262 32
86 288 542
34 113 646
193 217 957
99 286 510
1 13 831
179 295 508
83 256 510
177 186 828
18 192 516
249 300 733
1 101 576
189 235 817
203 300 964
105 247 510
49 148 952
66 153 622
132 264 531
275 300 881
98 141 961
81 96 522
129 133 987
160 244 967
102 152 943
158 193 786
194 287 550
185 268 508
141 164 564
160 296 69
1 72 517
160 172 868
60 171 440
68 240 510
185 289 68
149 253 129
181 226 960
141 238 997
150 214 846
199 300 515
1 41 695
125 227 510
164 260 874
1 40 624
1 54 575
43 63 629
40 44 720
1 98 949
49 295 410
57 279 62
153 181 912
79 262 510
37 201 211
17 258 225
131 260 531
96 113 617
121 275 508
5 181 516
198 299 901
51 266 510
1 90 652
1 85 971
131 232 531
26 260 666
155 256 415
9 149 83
150 282 11
115 133 984
93 175 905
243 300 793
77 176 782
137 158 599
156 297 508
235 300 870
29 267 510
189 293 53
256 300 908
64 204 112
1 49 627
1 26 575
127 135 620
42 258 510
180 185 761
46 89 636
54 68 916
221 300 733
8 163 263
66 190 516
87 195 116
93 129 931
1 84 532
152 230 646
99 296 474
126 244 244
190 300 515
49 246 510
27 126 828
201 300 621
1 4 987
101 235 510
1 93 910
126 194 510
1 94 967
101 150 516
172 197 680
77 138 780
130 297 508
26 112 624
244 300 761
22 210 90
1 77 947
146 206 844
193 244 573
133 182 808
11 167 216
12 241 528
165 276 424
260 300 701
7 209 409
131 298 499
205 300 579
102 107 625
77 183 516
112 120 685
1 2 665
62 112 509
173 277 194
72 160 847
1 27 730
55 108 856
190 300 515
59 199 510
175 239 646
14 70 743
124 203 571
137 281 4
129 158 659
119 173 603
1 73 730
200 300 6
191 300 515
127 192 664
220 300 816
132 289 269
141 245 576
29 86 999
238 300 923
16 99 524
213 300 829
72 153 735
74 174 999
94 160 879
181 290 508
268 300 636
2 180 113
173 247 909
56 273 510
1 85 932
15 79 945
120 199 717
55 158 516
145 260 517
199 202 916
31 213 442
98 207 82
36 298 1000
88 152 668
108 199 733
171 227 958
1 77 844
107 202 869
1 18 505
51 214 217
23 186 84
222 300 642
77 262 510
47 102 815
32 231 92
1 98 619
28 55 501
270 300 917
197 270 885
118 122 592
122 129 612
41 140 964
132 291 201
124 270 508
16 288 1000
112 122 705
83 228 510
187 290 47
15 156 455
112 296 223
226 300 951
50 228 253
165 287 33
65 225 510
1 66 533
76 256 336
40 62 850
165 281 128
155 282 157
196 296 885
90 226 510
154 186 904
175 278 508
138 218 612
43 252 162
98 246 510
63 116 812
199 221 901
70 93 783
124 290 508
70 241 510
170 189 684
90 171 848
177 290 508
226 300 796
1 43 931
169 286 508
45 62 959
135 258 74
1 97 910
122 137 832
84 157 905
27 116 955
55 197 333
88 239 510
112 232 382
1 56 792
1 40 578
159 270 283
92 266 438
89 300 1000
5 260 666
247 300 881
1 15 589
209 300 798
226 300 515
162 272 197
9 196 59
44 77 754
131 285 174
263 300 883
78 210 276
109 254 55
85 299 133
180 297 355
160 292 67
149 201 880
24 191 126
116 155 857
39 151 516
200 300 476
185 210 728
1 18 550
133 246 98
64 267 510
109 297 508
113 150 749
30 228 484
163 271 508
1 90 800
1 34 723
66 168 516
139 271 475
206 300 965
48 186 418
90 118 917
256 300 795
1 62 602
181 293 508
164 243 517
43 244 103
4 16 766
174 220 703
41 227 366
179 290 282
18 84 958
62 95 827
85 125 911
63 179 516
98 292 428
202 300 857
260 300 980
62 177 516
135 186 816
166 295 221
84 191 10
158 228 795
149 279 95
214 300 527
244 300 616
196 297 885
184 284 79
157 217 847
73 164 528
97 124 985
16 127 543
173 264 687
99 154 862
152 275 430
199 300 426
140 227 554
95 190 738
1 46 615
164 222 550
81 199 103
43 141 678
13 299 1000
202 300 933
183 297 192
158 267 153
77 135 921
85 257 97
86 140 925
113 220 510
1 54 998
178 288 508
153 248 855
1 95 995
105 281 246
126 240 510
148 170 887
78 283 121
141 205 731
1 14 840
2 34 725
77 119 543
77 285 471
85 213 25
83 197 510
51 245 169
113 133 805
44 204 510
13 72 981
26 232 403
1 13 946
152 274 363
161 274 508
29 179 237
101 298 219
28 231 510
85 129 998
194 296 550
126 295 508
62 101 932
125 246 510
89 157 963
69 215 90
107 146 616
96 261 510
46 264 510
1 43 517
217 300 687
65 286 510
62 272 233
48 219 22
107 213 381
105 268 214
5 292 90
140 226 919
136 298 91
53 167 50
145 215 593
174 227 830
184 285 434
81 206 119
193 300 460
103 250 324
14 207 299
52 202 58
95 127 882
40 46 905
118 275 508
133 169 851
230 300 540
189 300 472
108 220 490
198 300 515
1 3 991
190 293 391
164 288 508
220 300 994
79 177 978
239 300 972
168 278 193
172 279 508
118 233 510
103 206 510
217 300 841
8 125 245
1 74 596
8 183 516
227 300 738
89 196 106
34 74 869
180 286 508
84 141 915
248 300 653
187 275 782
287 300 885
13 47 937
1 40 558
205 300 994
11 261 420
26 126 340
132 220 531
1 45 795
99 127 576
52 261 42
22 236 362
164 264 299
130 236 531
238 300 891
133 180 742
127 275 323
127 132 582
180 296 508
215 300 910
179 263 874
190 260 793
52 225 510
193 296 550
134 266 461
1 77 909
187 288 301
219 300 765
