1000 100
471 505 821
329 685 510
248 354 690
198 254 832
625 993 503
511 893 510
545 636 815
704 1000 772
166 831 301
105 692 557
585 949 503
231 498 758
111 800 1000
482 601 742
487 612 976
442 687 583
882 1000 786
582 848 687
324 643 510
182 263 538
312 822 121
487 797 510
386 420 995
21 879 1000
512 900 510
337 621 663
194 932 115
1 147 665
147 250 747
631 994 503
564 847 810
97 879 121
95 716 759
748 1000 836
330 822 510
518 829 510
34 546 200
31 574 232
226 915 363
1 57 837
3 381 65
152 161 733
1 226 546
276 683 488
27 743 899
822 1000 569
621 927 503
180 584 324
335 625 968
545 861 521
41 557 136
335 377 554
660 963 563
507 605 616
891 1000 686
498 566 842
95 187 931
534 616 885
113 255 935
261 793 29
202 469 967
163 463 132
610 891 727
1 166 707
115 774 124
223 712 258
480 535 631
247 827 616
512 846 510
261 909 303
202 236 657
529 701 710
374 458 963
298 450 575
105 837 364
418 651 819
222 774 285
768 1000 531
647 741 503
534 907 521
112 357 894
603 627 523
354 533 582
348 598 964
298 454 858
653 952 530
376 607 560
687 787 758
649 830 773
717 1000 903
258 367 927
262 368 716
652 847 680
269 383 703
720 1000 616
118 274 768
27 710 275
180 959 375
156 470 380
301 534 527
731 1000 923
613 996 503
591 900 503
197 238 530
462 808 510
41 577 377
637 994 503
534 693 786
111 136 772
401 732 510
1 277 564
42 681 557
1 44 985
194 428 902
55 78 970
498 579 884
754 1000 740
1 212 876
380 404 601
275 301 997
506 507 775
233 834 616
141 574 505
37 793 465
361 646 852
367 567 658
479 836 510
775 1000 552
357 387 622
448 713 725
615 785 889
366 411 683
652 731 772
445 617 845
493 612 675
1 133 818
762 1000 880
467 584 782
300 760 101
48 202 773
646 830 989
533 762 744
231 882 29
116 122 784
554 578 823
187 324 607
207 219 861
569 581 897
540 619 898
584 810 807
163 239 687
1 82 944
63 924 472
299 511 893
301 426 906
314 630 129
166 409 668
282 559 884
214 621 505
45 821 1000
58 247 716
178 298 896
619 909 530
14 113 575
1 225 708
1 160 519
138 751 920
973 1000 847
252 459 804
343 974 336
80 913 426
274 474 848
506 748 596
507 802 761
380 662 993
97 468 505
863 1000 514
9 81 883
38 801 140
525 662 842
829 1000 939
97 166 634
235 778 608
1 220 638
130 349 923
177 377 507
520 791 627
743 1000 675
745 1000 987
26 946 156
386 449 924
902 1000 504
334 374 772
109 595 526
219 507 943
1 134 686
165 560 300
725 1000 702
479 916 510
174 193 870
703 1000 658
1 55 582
35 178 797
13 30 572
520 713 976
419 909 510
1 298 938
683 1000 504
651 781 784
529 721 510
750 1000 698
92 376 733
477 904 510
99 901 22
164 224 502
1 24 650
699 1000 504
21 461 530
511 900 510
575 588 930
47 652 221
125 741 899
474 521 608
1 268 618
617 820 767
547 721 786
58 644 526
959 1000 592
1 53 826
334 815 510
81 163 799
673 988 563
282 499 746
1 251 675
534 737 789
644 863 700
75 838 66
1 148 954
407 952 510
643 902 599
327 467 910
187 352 680
921 1000 768
363 772 510
142 377 548
15 882 339
131 231 568
144 539 505
276 776 572
255 322 651
247 508 542
687 754 729
1 201 544
381 872 202
685 810 588
563 782 640
445 547 985
765 1000 504
134 380 871
582 775 674
781 1000 598
455 569 588
1 299 787
100 779 141
1 266 887
87 920 1000
586 933 503
511 643 675
300 795 510
214 763 219
576 811 686
717 1000 966
400 541 998
391 653 724
871 1000 590
638 962 503
444 632 633
249 953 111
1 95 894
343 963 177
669 977 563
328 334 576
290 430 615
444 541 539
327 498 691
859 1000 578
103 570 58
479 878 510
560 896 521
1 93 537
430 482 893
112 399 736
580 882 503
1 12 988
1 280 849
414 564 678
695 984 641
1 35 543
402 455 969
634 829 559
596 915 503
866 1000 785
640 713 521
617 750 683
298 498 858
420 557 601
67 437 53
782 1000 817
226 677 355
349 767 510
1 280 684
149 786 380
309 551 759
202 837 664
156 360 747
195 264 899
575 965 503
251 258 989
280 471 840
728 1000 930
550 768 828
474 520 902
581 872 589
859 1000 529
406 768 510
289 362 916
215 880 664
501 987 510
742 1000 774
168 521 437
1 118 886
1 26 852
185 610 526
691 993 577
662 959 885
343 919 207
24 46 758
252 520 980
377 444 726
520 601 938
872 1000 571
207 988 383
66 142 724
509 998 510
295 862 510
655 980 563
226 258 988
263 407 616
105 668 160
37 685 557
369 609 511
1 244 838
1 174 718
698 931 577
340 534 824
386 996 73
219 262 823
87 474 305
208 452 739
1 245 948
2 458 530
137 179 565
1 113 816
219 937 725
908 1000 851
141 877 168
678 768 963
93 713 281
404 560 784
136 348 908
499 718 618
368 442 615
383 529 829
669 859 991
218 676 539
786 1000 987
342 926 98
407 490 571
1 301 740
470 525 536
779 1000 739
58 444 231
432 826 510
127 807 1000
111 152 728
309 340 514
319 862 407
307 492 676
713 1000 804
148 248 795
1 66 854
80 501 257
360 380 971
234 512 637
179 370 639
645 952 503
847 1000 571
268 748 175
1 112 964
624 902 801
388 816 3
1 71 977
194 391 709
147 289 977
273 514 602
449 620 804
1 211 878
139 342 596
1 9 830
1 166 527
353 667 510
708 1000 770
327 670 425
768 1000 836
461 816 510
785 1000 932
301 997 341
362 570 813
44 656 557
172 304 809
902 1000 654
408 736 510
623 717 993
394 494 927
1 5 868
327 585 871
570 647 976
1 18 951
1 162 826
18 194 524
367 897 249
223 655 214
388 695 130
588 882 998
721 1000 607
332 867 510
67 448 371
745 1000 942
419 573 714
639 994 503
1 88 757
325 348 754
268 309 735
229 335 765
22 839 1000
843 1000 899
790 1000 745
670 866 750
633 836 613
78 289 869
326 376 699
479 789 510
122 130 534
228 829 243
196 327 721
576 985 503
27 461 181
1 196 576
741 1000 538
739 1000 903
119 179 895
607 989 503
646 728 678
293 921 163
454 501 673
278 475 856
53 537 505
844 1000 544
24 172 952
95 219 937
409 848 510
662 883 640
736 1000 663
552 762 576
512 575 770
377 407 831
442 906 510
187 832 392
455 470 908
118 326 647
271 282 714
148 966 441
602 779 976
160 465 435
30 615 526
125 774 154
189 905 264
399 942 247
374 756 429
184 290 878
57 121 918
148 518 2
189 868 303
1 194 660
810 1000 939
273 830 572
143 975 125
281 487 988
1 92 856
699 999 579
158 474 505
686 687 863
399 686 961
219 252 828
504 612 836
430 901 510
71 119 746
554 889 521
548 916 521
514 616 824
435 633 934
145 389 675
248 507 899
387 416 989
616 646 647
721 1000 534
311 748 510
381 624 664
400 785 467
326 445 756
646 739 625
1 31 685
121 808 186
84 946 1000
551 720 650
212 401 889
96 964 142
642 827 735
573 698 661
195 596 505
236 509 632
689 997 577
27 579 172
540 646 783
264 508 600
688 736 658
1 182 521
1 191 582
157 761 461
627 747 988
1 4 674
345 754 436
653 685 948
325 715 539
533 997 521
234 756 250
883 1000 863
88 131 504
572 900 503
519 824 510
247 945 171
126 990 1000
253 909 725
726 1000 528
698 743 625
240 584 103
49 137 986
1 24 612
387 493 832
531 669 705
267 680 4
143 614 85
107 208 869
762 1000 784
687 973 544
24 936 216
579 704 698
104 920 76
168 208 842
314 785 261
1 148 757
1 262 597
578 792 925
166 381 704
335 862 510
802 1000 660
904 1000 747
409 636 887
1 177 697
620 765 601
605 879 860
322 480 641
74 612 318
1 145 985
31 111 626
410 918 510
261 816 616
585 792 745
191 481 954
1 176 823
747 1000 549
344 826 510
575 790 857
48 760 958
429 918 510
625 908 822
86 244 872
47 525 280
150 506 426
156 307 810
218 975 50
830 1000 996
105 771 310
191 437 837
57 976 354
1 139 580
445 903 510
458 626 668
225 389 854
726 1000 996
370 728 510
1 286 851
656 726 956
48 299 971
459 494 608
1 215 683
437 506 860
387 402 518
1 14 554
85 834 119
505 975 510
177 612 211
136 164 626
686 986 577
509 534 823
712 1000 519
465 545 642
1 116 665
505 565 598
458 783 510
1 86 550
437 652 920
344 800 510
212 871 450
541 726 777
215 281 537
609 859 645
146 988 1000
810 1000 772
624 925 503
428 533 640
591 925 503
879 1000 579
699 843 579
349 603 724
237 668 500
382 670 910
836 1000 903
652 745 722
401 623 736
1 204 545
623 717 810
1 86 990
272 807 152
245 750 608
781 1000 776
602 970 503
1 42 618
693 699 895
792 1000 853
40 917 1000
1 58 597
535 617 649
175 609 471
205 778 250
411 419 716
809 1000 828
332 718 135
304 327 979
726 1000 527
324 418 973
198 219 509
348 361 869
626 871 666
572 610 696
508 683 572
713 1000 884
416 522 856
701 1000 758
242 942 270
459 884 510
601 728 865
230 240 957
787 1000 785
437 602 980
148 686 114
184 737 59
219 512 561
219 966 467
984 1000 987
161 276 891
627 713 953
162 386 607
827 1000 680
191 914 1000
387 744 510
621 642 906
1 148 720
26 293 825
512 623 639
152 825 1000
235 860 343
389 652 929
277 387 990
713 1000 690
326 885 422
281 971 454
34 577 505
148 168 816
1 190 697
293 327 505
527 988 510
1 273 752
176 279 907
69 955 22
204 260 534
190 213 640
560 615 526
239 650 510
683 921 563
1 197 829
1 191 578
254 328 982
286 322 983
248 995 411
238 511 765
692 847 927
302 394 644
1 198 943
355 960 510
241 959 195
113 400 827
160 382 740
30 77 731
504 908 510
665 982 563
205 602 38
681 981 563
487 695 945
1 87 953
299 563 958
811 1000 875
42 95 807
37 525 505
87 97 642
545 937 521
741 1000 634
561 756 775
160 662 557
1 48 717
199 742 608
1 112 624
249 606 505
415 568 786
368 487 860
574 740 839
304 498 636
598 687 768
112 655 252
179 301 647
260 382 530
515 918 510
445 634 799
280 403 666
178 457 835
67 645 526
208 449 782
17 846 1000
525 692 783
224 414 616
449 649 796
847 1000 707
1 248 625
52 705 557
601 678 728
12 187 863
1 800 1000
492 552 863
322 463 973
718 1000 585
562 868 521
457 474 666
426 525 928
848 1000 737
653 741 523
279 445 808
220 366 867
216 627 505
512 975 510
498 554 825
236 742 608
522 917 510
219 563 251
585 922 503
557 822 942
621 957 503
119 202 555
507 745 758
107 605 365
651 991 523
508 574 870
1 49 532
293 529 785
144 875 117
288 876 494
1 156 879
487 837 510
181 736 227
641 803 522
683 992 563
18 850 423
450 465 868
133 268 551
1 107 683
1 217 822
762 1000 763
646 864 848
44 304 711
475 569 695
173 599 425
148 219 828
85 231 543
217 448 557
496 952 510
494 582 860
533 550 821
79 898 1000
56 685 557
830 1000 597
475 965 510
433 789 510
211 615 470
271 880 572
348 836 510
636 904 647
39 111 519
250 271 701
352 369 628
1 13 947
132 415 766
1 230 570
231 282 803
1 48 756
1 120 789
118 632 526
268 337 837
360 731 166
342 506 629
931 1000 860
67 447 87
352 911 510
5 198 848
389 640 510
86 202 981
505 985 510
301 455 810
407 646 869
1 229 742
163 611 423
713 1000 853
315 814 510
53 207 755
322 685 510
791 1000 947
803 1000 560
382 437 753
756 1000 865
737 1000 567
491 656 960
847 1000 997
1 111 639
607 726 780
403 641 617
382 807 510
414 805 510
864 1000 756
831 1000 969
166 444 796
93 275 719
99 645 42
568 717 549
740 1000 559
111 118 510
469 576 733
193 337 529
521 653 661
148 919 316
565 572 676
120 452 461
353 994 101
1 85 729
262 437 858
494 708 788
634 936 503
1 39 690
331 770 23
820 1000 819
245 540 526
565 946 521
566 582 582
490 627 844
612 742 914
619 987 503
477 989 510
1 65 559
25 589 526
1 156 760
183 821 664
642 844 718
211 543 172
665 971 563
211 269 885
300 966 440
240 540 833
77 234 842
82 136 965
1 298 918
676 992 563
693 999 577
1 278 654
333 964 510
636 677 549
452 539 704
1 119 687
213 293 511
4 178 551
792 1000 873
30 874 1000
565 961 521
109 482 319
501 517 590
343 832 18
289 727 403
71 908 1000
276 575 608
454 851 510
612 762 803
164 558 322
398 973 510
352 979 281
511 520 736
432 899 510
632 831 943
569 781 834
717 1000 823
244 368 878
337 504 766
289 335 941
239 302 618
376 561 920
539 725 808
644 970 503
1 252 895
708 1000 834
233 736 427
612 786 769
618 951 503
773 1000 805
909 1000 692
65 147 732
677 708 739
201 387 940
406 839 510
616 712 922
110 659 557
88 955 1000
1 195 880
473 834 510
463 644 544
265 791 572
522 703 617
14 880 1000
266 531 588
559 688 836
1 132 952
633 969 503
121 325 676
244 427 802
952 1000 621
541 698 752
567 652 975
76 593 526
370 642 784
285 699 21
120 386 916
481 491 664
1 184 789
258 326 589
250 896 664
324 445 505
94 466 505
728 1000 891
427 653 815
498 773 954
202 324 842
424 885 510
377 435 717
400 712 321
517 809 842
46 309 632
