20 20 20
983 386 577 215 393 935 686 292 349 821 762 527 690 359 663 626 340 226 872 236 
711 468 367 529 882 630 162 923 767 335 429 802 622 958 969 967 893 656 311 242 
529 973 721 219 384 437 798 624 615 670 813 326 191 180 756 973 762 870 896 581 
205 325 384 727 336 405 746 229 113 957 424 595 982 145 714 367 534 564 943 150 
287 808 376 378 888 184 403 651 954 299 232 160 576 568 839 812 926 586 994 939 
595 470 534 578 567 301 897 102 817 892 152 156 701 480 486 641 565 789 344 519 
140 529 631 617 997 471 481 975 109 527 967 656 897 553 286 465 806 183 519 624 
128 571 732 729 103 219 370 568 908 615 140 949 196 723 618 245 246 151 221 255 
579 188 864 528 641 150 893 500 234 464 124 314 987 756 943 991 927 365 559 836 
932 651 837 128 375 507 274 521 558 395 729 137 535 593 618 228 643 511 628 829 
876 704 143 863 513 138 906 440 404 518 328 388 169 217 417 496 624 643 970 183 
990 699 272 525 344 790 705 939 354 386 769 282 142 864 197 607 955 104 948 411 
522 328 699 643 446 168 140 122 711 110 205 701 761 430 278 105 220 936 944 526 
322 765 708 416 682 858 924 637 862 924 100 436 252 699 979 650 768 171 673 531 
181 830 233 894 260 463 899 381 399 896 859 673 713 568 990 395 426 966 984 340 
890 984 676 142 736 707 745 556 779 418 987 912 248 272 859 409 636 810 742 987 
706 601 713 472 221 755 819 599 721 804 839 611 840 567 705 628 327 450 184 158 
820 224 122 969 396 881 430 984 692 172 972 450 725 685 822 899 440 642 498 213 
498 390 724 390 909 481 919 236 832 155 294 704 279 369 673 576 250 155 560 842 
279 584 293 905 321 167 804 713 761 354 826 259 644 602 602 606 984 521 742 868 
15 19 20 20
19 18 20 19
11 14 14 16
16 10 17 15
5 5 12 15
12 17 19 20
17 5 19 19
6 13 10 15
5 7 6 20
3 5 10 15
6 11 13 15
13 11 20 13
11 18 17 19
11 18 12 20
16 1 19 4
2 1 20 4
3 4 9 11
8 15 17 18
3 9 15 13
3 9 5 20
