10 2 100
0202110201
1110102100
2000102102
0001222200
2111200120
1200020010
2110200000
0022212212
2010012110
2220221022
0020210211
2021101120
1201001210
1211010021
2202020212
0020201020
1100200220
2120002001
1120220100
2112010112
1111221212
1210012120
2101100221
2011100002
1212020110
1021202201
2010201022
0021021112
1011102110
0002120000
0002220101
1212110102
1000010220
2011220200
2200222002
2202211000
1001210211
0000202100
2010201112
0100222021
1222010111
2020022110
1122221021
2111221210
1000110102
2212201212
0002002100
2212201011
2111010201
1120020012
0110010222
0210122110
0112202001
2220202002
2111200122
2010000102
0021111122
0212110200
2200211121
1120222001
0112101221
2210212102
0200220110
0222010110
1022221201
1000100221
0020022110
1211001101
1222020010
2212011000
1102001121
0010012101
1210222020
0021012222
2020000010
2100122101
2120101020
0101011121
2220010121
0000011100
2000212100
0002101111
0210212000
1012111102
1021000121
2211010012
0102120000
0010211201
1000212021
0020022001
2011000211
1022011201
1021220200
0022221022
2122121021
1101201120
1100101211
2101022122
1102002112
2101121021
02
20
00
20
22
20
00
21
12
10
20
10
11
21
12
21
12
22
22
11
20
00
20
21
00
10
20
01
21
20
02
02
10
21
10
10
22
11
21
20
21
02
12
10
00
21
10
12
11
22
20
11
22
02
10
12
12
11
12
22
11
02
22
21
11
11
22
22
00
01
01
12
00
00
00
21
21
10
01
12
00
00
00
01
00
21
11
20
22
02
00
21
11
10
00
21
00
21
02
22
10
10
20
01
11
01
20
00
21
02
11
10
10
22
12
20
21
02
11
02
21
21
22
02
21
11
20
11
11
20
11
01
21
02
00
20
12
01
21
02
20
00
12
10
11
12
02
00
10
01
10
00
00
02
11
21
10
10
21
20
20
00
00
22
12
02
00
01
10
10
21
21
10
21
11
22
22
22
01
11
20
12
11
00
00
02
12
02
10
10
20
22
22
02
12
10
22
12
11
21
10
10
12
02
01
21
10
11
01
11
10
01
21
02
00
10
10
02
01
20
02
20
21
12
21
21
12
02
10
11
22
10
02
00
10
21
21
10
21
00
02
11
22
01
02
02
02
00
21
10
10
00
12
02
12
21
11
02
11
02
11
22
12
20
01
21
10
21
01
12
00
12
12
12
10
10
10
20
02
21
12
00
20
12
22
22
02
10
11
00
22
11
01
22
11
00
01
00
22
01
21
00
02
02
11
00
12
02
12
20
10
02
10
01
00
20
10
12
02
22
00
12
21
20
12
00
20
22
22
02
00
20
11
22
02
22
21
20
21
01
02
12
00
12
00
21
12
12
22
20
11
22
21
22
00
00
21
10
20
02
02
02
00
22
21
21
00
00
12
22
00
00
12
11
02
11
21
12
21
21
22
00
21
01
12
12
02
01
12
22
10
20
21
10
20
12
02
22
22
10
