20 5 100
12220202112211122001
01022012221020021002
22001100202022222202
21022010121112221111
20220020220111101121
01020021100100010020
22110020121102102121
20001021111120021000
22021101000000121010
02221010101121020102
21201102121110001010
10102202011021002212
12000212002201020121
22121001220021001222
22100201002201211020
00100101112110200210
01100121222010012100
02020200212001112002
12220011211012021021
22211021211101022201
02112111220012101120
21112212110210111012
21212020221202002120
00220110222111002011
22102111001112111010
21010122212211000101
01021210211222011000
20012020022120002211
01010221202210011021
01022011021112221212
01121200002012011202
12101201110122112222
22112221101000102110
12001101101022222010
00220022001102210202
20120100121020202102
22021010000001100201
12200112201122120021
12212120002102000100
22222210211111200200
20002020200221120000
22101112022122220100
21200120211100121010
02102100011200012122
21001201021110111222
10021010100120220200
22110102020021202011
11012202211210022121
00101011100010111210
12201000101202000112
12002210202102210002
01022020010100002122
21110121102002220200
00011012101220012022
12021010210000111211
11002122122012212112
12211002020101022221
22221201021220001212
12021020102022221012
20200012221122011112
11200202022022100200
01202010100012122110
12101212211010011210
01011222212001201100
21212021012000200220
12020021102211012100
02122120120212120202
20112102002220101112
10202220102000200021
12022222102202201212
20012212020211221110
20212011200221011212
11210102012022102012
10201020200220002102
00022120212112202112
22212022122100202112
01020200120010201200
20200210102210010021
02210222200202222101
10121112201212112101
10001101000212201201
22201100202220012022
10202011211210101102
21211221020121101211
12000212022101221001
02210212120100200001
22201022111101200022
12010011001020121122
21122100022121012200
21100001122101102210
22101210220212012001
02010101111101211001
00111100022010202221
11022221022101211101
00121101122010212120
10122110211020012021
02120101112211102120
20022012110211122200
02020201001102101020
12201101002210121102
22002011111011102210
01212210122101122010
12000200221002201112
12011210021222202001
22211210010201112012
02122201001011200112
22220212222122121211
00212220100120100200
00102120020020010001
10011111222001022110
12202202201112201021
12221111202101101201
02222120220022200210
01110121022122020011
01121220220210121002
11110112220002021121
10121010202011120021
22200202001112120022
10202202221000101201
01111012111012012111
10222100002020011100
20122101020200122200
02221212020021021201
11122022222201010211
20022010002020210000
00102120120000021212
01222200011110211020
00000201211210101211
00020022112121120112
10121200122202200101
02220110110011001112
00200212120221110121
20211210020101220111
02101112211211000112
21102020210011002222
22100111120121112202
00222110102022101222
02122102011110222001
00112021111121022112
02120010012201122010
01202221001000101212
20122021222202221212
20120202222121122211
11120121002010212022
21202102020201112000
12020020110102220022
20220112221121112010
22222200220102101011
02200110201201201210
21221100221011122202
02210121102012001101
01220020000222011002
01020122001120001011
12022111112202111112
22120122011122112200
22120212101002022010
00220112110021002120
22202022010120002200
20110220020010120121
20021120021212122120
10101001100102110021
10221120111220000102
21120211001210222110
22000101011212212010
12020202110110112012
12121021111001002120
00212111121010102110
20120222120112200012
20012211001220220211
11201002102112001012
01122020202222210111
20001120110202201211
00100220012222010212
12210211102211110001
22121100120002102111
11100201102020010122
00200100222211021012
00002102221001212220
02220011121212100102
12000220210000201102
11221101002000012222
12010021101121010100
22012122012210110100
12110200112210012210
11002120021010122201
10020010011221220101
11101000012110221102
21120221022011020000
11001001101122121000
21010100012202002111
12212002012000122222
22222022111200001122
02120012010012002000
12002111012100010211
21101011022210221002
12120212210200020111
21011101220221211101
20021021210222111220
20202011112120011102
21121012112020010102
00002111221111121012
21112200112202221111
10021220201122022021
21121120011222211221
11001010202220211112
00100212111222111220
21222111002110120112
00110221112201100021
12200101010001102121
01110020121011020100
10212012212020221220
21012200011120022121
21222210211202012220
00202201220221021101
12012201121111212222
00221211112010200021
02020000220210202011
01112202221011001012
12122102221000002022
00022101120012011112
10210220010120112201
11212020110210120101
00022111000110001020
12200102001011210110
11212010110210022012
10211222202000221112
22211120201221012211
11211210002010021201
01020010101010212010
21202021222020001202
01212120011001001010
00221200202220101102
02211012021200220020
12020120002000110222
21112000100000011012
11011010000021112212
21002011001102222022
12001222101122212110
02102122000200101022
11200200110112211001
01212011000222022121
00212021010122220101
22022112220200200120
02200220012200222212
11210120112111221222
12010202102020221200
10002201220020101002
00020002210110200220
01101210020020101101
00012220020001022212
11112010112122010020
20101211221012102011
20001121122221000102
11121201110001012000
20011122222210220011
21022002011011202000
00021221211001211100
21121120121221101101
01112221012002211200
22221100001121220021
21221022002222211021
12010201020222010010
10010001120010221011
11212022000121201020
12101102110210000100
20221001102201112100
01111220000011212220
21110222102121111111
10101220111202002020
02001120211211000212
11110220021121002010
10011121010220100011
20121112120220111102
02102200002211222020
02022211120112111221
22100112100100200121
00220102102121002202
20102120222122002100
00221201111220012221
11222021002001021110
02222012002202200111
01102221112102110011
00110121202211120001
20201121110022220201
02101222100011102222
10200102110211222120
20012212211021101222
00110022222220022022
11001100012112010001
00000101101221011212
12021221000010220001
12202000012101220220
22211121120200021022
02200110002021000221
20120112212211010101
20121201100211112112
00222022220222212201
00011001221200221111
12101020020120210022
00002201120211002210
21112100021011211220
20201011002220122112
12121000200210000221
01101002211012020120
20200011000121211000
20210211112121100021
10211201022221101010
20210010221121211001
20212021012221122001
21220212011220221112
00221120202222202020
00202121000110121201
20120022220020022100
21211001212221201101
01102001112021120002
10221120022111201022
11121011011012201202
20010012112111021102
02021200110001100121
22010000212010002001
21120121020021201202
20200000021011220200
21022021010021002112
10101021112002001012
10212221101112120112
01202000002201101110
12102200202012100210
20001200021222020100
22012222220221020121
10111201002002202222
10121210111000112200
22102002101000222101
12112002202101202201
02210211212002102122
21100210121021121010
22021221020000112221
20110011012202211202
12002122121001201210
00000122122012111110
00102110121110211120
11012221022021120201
22010212102221010112
00201122120220002221
22121212121202220220
00201011010202221221
20002101001101221121
20212201202211212000
12200202121001221020
12000122200100100201
20121100201002210210
22200120021201000100
12122002200002010221
02100101011112101210
01022112100100001022
20121022100201220022
21121110200012200222
12011212102010222112
21011012002100020211
01222121102002110011
11011012011020020011
10111001010100001221
02122222010212220011
22002110012102102102
21211122210211010101
22201100200221220210
02221212110010012112
00022212202212002100
01212222221201221220
00112100001110211000
02201201121220101112
22020102112212021001
00100010022211122011
11021020002000111011
22120022111201221202
02010021020022020222
10222020020021221110
12002101000200221101
11100002022220011022
10222200112201010000
20220022222112101102
10222210010220002201
10022100120022221021
20122101100100102201
11110112200222112220
20200100012121200122
00122002200202211011
21010110210010220211
22020102201212010021
20120211102211122011
00120221022222101000
20201201011022002210
22121010120121220200
12110210201222212121
00011202112111221121
20120011000001200220
12101122220201210020
10122100120222011011
00111022200010001002
02001110002001222101
20000002120210202212
00121
10210
02201
00011
02121
10022
00011
10211
11021
22220
11012
00121
12121
22221
21121
12002
01112
02201
02012
21222
21202
10202
01101
02211
21001
20120
11212
22000
20011
02001
12210
21010
22111
11121
21111
02012
22211
20201
00201
11121
20121
22001
22111
01201
12210
10120
00020
11021
01110
02121
11101
20200
01221
11212
20121
11010
10101
20101
21021
21012
11220
11220
11022
10000
21120
01112
12122
20100
21001
02110
20122
00122
11101
20200
10211
11121
22120
11001
02102
20202
00012
21022
01101
00012
02012
11002
21112
01010
20121
12212
20201
10002
10101
21222
20011
01220
02210
10020
20020
10112
12022
12120
22111
11001
00022
10010
01001
12222
20100
20020
10002
20120
00011
01211
22112
02020
20110
12221
00220
10201
02110
21111
11121
22120
11001
00122
01121
21020
12200
22101
20001
21102
11022
00000
21021
11100
21000
21102
22110
22222
22110
10001
11121
10222
02211
11120
11011
00022
02020
00212
10002
20012
10021
01220
00121
10221
01111
20000
21120
20220
20112
00202
01102
02012
10220
20100
10002
01202
21012
22200
12112
21212
00212
12012
21102
02000
02212
20202
11220
02122
10210
01012
01202
22100
01221
01000
01121
20201
21002
02110
00102
20100
21010
11101
01001
22121
22100
21102
20001
21002
11022
21221
12222
21111
11111
10122
21120
12002
22220
02110
20222
11210
20202
10121
11120
22201
01100
11102
02001
21220
01220
01200
12120
20111
22220
20022
21200
20110
00212
11210
00110
21100
10121
20020
20122
12211
01002
22020
01120
00220
01001
10100
12002
22022
20012
00101
10020
12012
12200
22210
10102
02121
21110
02211
01010
20101
12222
11202
12100
00101
01201
02021
22012
00022
12100
11021
10011
12200
02221
12201
12221
01021
22122
00222
11000
12102
01120
12001
21021
10220
21212
00221
02012
12120
21211
00212
00102
10012
21200
11000
10212
22220
22200
11000
12210
00211
10111
10102
00220
21001
20210
22110
02111
02222
12002
22212
20211
21112
10122
21110
20021
10211
00001
22022
10012
01000
02012
00122
20102
21000
12012
00220
00212
02002
22200
21120
00012
11011
21201
02200
20201
00010
12112
01000
21121
20121
21120
00122
10202
10112
11100
00110
01221
21110
10110
02202
12021
12101
20020
22112
10222
12111
10210
20120
01112
00100
01010
11220
22022
11200
22122
11022
01102
12212
20200
22211
11012
20110
00110
01102
00022
22101
01002
01021
02000
01202
21221
01001
22222
01021
21211
22012
02121
20000
20020
10012
10002
22001
01001
02201
01200
22000
01121
22101
00210
01120
00222
22110
22111
10200
12202
12110
12211
01222
21111
02010
12010
02021
11010
22121
12021
10022
11110
02212
12021
01021
20111
20120
02221
22000
21111
21012
11202
12020
10201
10212
22001
00012
10100
02000
12200
11112
00212
22221
11201
01212
21201
22200
22120
02222
20111
02201
20211
00002
10120
10122
02020
10110
21120
00201
11101
00010
01100
00221
01102
11122
22020
20201
02212
11121
20022
01210
12020
10111
20002
22100
20000
20002
12112
01220
11201
20011
12121
10020
01000
21201
11020
21100
00222
20011
10100
02221
11222
01022
10202
21020
20100
11011
10210
12102
11200
20202
22010
01110
20121
12122
01101
20111
12111
12202
22211
11010
10022
20221
01202
00002
20212
12122
20222
20212
00001
01112
20210
20012
21022
22201
21102
20020
01100
10121
01101
01101
22022
21011
12202
00110
20110
20201
21122
00021
00201
21221
00020
01121
21121
22210
12210
22121
12202
02201
20222
12202
12020
12012
20210
10100
22112
12021
00010
02020
20202
10001
22021
00122
20100
01010
01001
22002
20011
11200
11221
00202
01012
22200
10111
01021
20212
12210
12221
10100
10102
20010
00002
02111
20110
21202
00022
11201
21001
21021
11202
00020
22122
11002
22202
22200
12122
11120
00221
10110
22021
12120
01210
10200
10122
10111
21001
21002
02000
21020
21202
10110
22100
11122
11022
20112
10122
20010
01221
11002
10100
20001
21021
21120
21001
10102
21222
20200
10220
00120
12121
20101
00210
21220
20020
12222
02211
20002
02020
22211
10012
12100
22210
10200
20221
11202
20221
21111
12010
20210
21200
02000
00000
00021
01102
22221
10001
22210
11011
11001
02001
00210
22010
20202
00000
22022
21211
20102
02011
01022
12200
12102
12122
01101
10010
11210
22101
22100
10101
12212
22022
11220
12222
22202
12221
21212
11120
11011
12211
01222
22221
11001
02212
02102
22101
01021
20120
00201
01100
12202
20020
12110
21010
01122
01121
11111
11111
20012
02001
01222
02201
21021
10101
10212
00120
21021
10012
00210
21101
10122
10112
12120
20200
21221
01121
12112
20002
22102
22010
20100
20112
22112
21222
22202
02122
01000
00000
10011
21011
20002
22222
20110
12110
01212
10120
11201
21001
21021
02221
11112
22122
11002
22202
12212
00201
11120
00221
10110
21121
01100
12001
21122
01002
21001
12120
22011
12011
20210
12202
12112
20002
02201
02110
21120
11201
22002
10220
20012
12121
00212
21122
11212
10200
20120
01022
22122
11010
10010
12200
01201
02121
00020
21102
22000
12000
00221
00100
20000
10220
22002
12022
00121
21101
10221
00120
21012
02112
22002
20001
10210
02212
12210
22021
11110
02201
02002
22200
20111
20210
22002
11212
12220
11001
12022
02010
20120
22101
10201
00022
00112
00122
10211
20222
11020
01222
21000
02020
02012
00012
11002
00100
21021
00111
22000
10212
11112
02110
11112
02021
22012
22111
12021
02012
00122
10222
01222
11202
21220
02111
12221
12112
22110
00210
10220
01201
00001
22210
10200
01012
22211
10100
21001
22021
11101
22010
20202
21212
01011
22101
21210
11212
22222
12120
00220
01220
12111
02121
00120
11021
11222
20200
01210
20211
11200
21200
10001
10022
11122
21012
02220
21111
21122
20220
10021
00022
11100
21021
00101
10210
12122
20012
21221
11101
20022
00222
20212
01000
00220
11222
22222
02002
00002
01112
21021
01011
21120
12010
02000
00121
11011
10222
21001
12111
21001
11001
22002
21220
11122
21102
12112
20221
11120
12212
10020
12202
21012
20010
20220
00002
01110
22212
01002
12021
12112
22020
02222
01102
21222
11122
00212
02210
12010
00001
11121
12122
11200
22202
11022
12221
11012
00002
20201
12110
11000
11010
10021
20010
21201
11011
21002
00022
22202
22212
12211
12120
22211
11222
01102
02122
02002
01121
22121
00001
01001
20121
10111
02022
12201
01012
10210
02021
20210
02012
20121
00011
02122
10101
02121
21120
00122
10102
01020
22120
12022
20200
11100
22221
21101
22110
20101
22120
10121
21220
10112
21010
11210
01112
02020
00111
22110
20122
22111
20122
20212
20112
21111
01222
02220
10120
20002
10212
21111
02200
20010
00020
21022
00010
00122
20220
01101
11101
02102
11122
10000
01000
10020
21212
21200
21111
12120
21020
10112
01220
11021
01010
21212
22122
22000
01120
02211
12021
11201
12000
22200
00101
01022
12221
01122
21200
20222
10020
10111
10000
10220
22210
12011
11112
02020
20021
20120
02021
21000
21100
11021
02111
00210
02012
21022
01102
21220
12020
21020
10022
01111
02010
20122
20211
01210
00110
01210
00110
10210
21100
11002
11121
22120
22101
12111
01010
12211
20210
11000
00211
10002
10022
11010
11100
22120
02121
21112
00010
10112
22010
00022
12200
21211
00210
02022
01211
01211
00000
11000
10012
12221
22220
20221
00001
01002
10221
11110
21201
00122
10010
02200
22112
21010
22212
00202
22000
10221
12020
12110
11210
02201
02201
21120
12210
00102
21012
02000
22211
12202
22222
01101
00200
02210
20022
10001
10002
21012
01001
10022
12010
00020
11121
01022
21110
00011
12021
11002
20212
11210
10201
00022
22212
02010
00111
11022
00121
10122
12221
02222
01110
01121
11110
00200
20211
02101
21102
22100
12112
20111
12222
00201
22121
11212
20000
21112
11210
10210
12112
11000
11221
20110
02222
02222
00121
00111
12002
01101
00220
21121
21012
22102
01101
02202
21220
20021
12221
21211
22211
01002
00100
22112
22121
02000
21022
20000
01111
12120
22002
21210
20100
00011
21201
10012
10011
00121
12020
00022
01120
11222
10211
22201
21020
21000
00212
22020
01202
11121
22111
01121
10201
00210
20211
01200
21100
20222
21110
21212
20102
10120
20021
02001
12100
21202
01000
10120
00200
02112
11101
00001
01001
12200
20122
22212
10021
20120
20111
02202
22002
20212
20002
10101
11112
12100
12012
22001
00210
20200
01222
00011
20020
00102
02210
02212
00221
20122
10211
12122
10010
01011
02200
01102
00110
20100
21020
10001
10120
02200
10020
01000
01111
12220
21112
01122
22002
01102
11002
01211
21111
02221
22110
10021
20202
10000
02210
10011
01000
20020
21110
02211
01010
00201
20122
11202
12100
00101
20212
21200
20100
20121
21102
10021
00200
11122
00212
11211
10010
01002
12120
00221
22001
12120
02112
02120
20221
22002
12101
20102
20102
00100
12120
21011
02210
20012
00111
12212
01022
20001
20002
12202
00202
10201
10010
01211
10212
20012
11102
11122
22020
10121
02021
11120
12120
11000
11002
21112
22101
10222
01022
12122
11021
12100
22001
20100
21202
12122
11121
10001
02112
01122
22222
11222
21011
22100
01020
00210
01021
20220
12121
02100
20221
20102
20122
01012
02021
00101
11020
21012
21022
20202
12002
20120
02002
11221
02202
11111
00220
10221
12220
22011
12021
02200
10221
01222
01100
21202
00201
22112
10210
12002
00012
12102
11000
22201
12000
21001
11222
01201
02120
21002
01011
20200
10221
21212
22010
00020
20220
21122
10120
02012
12101
10110
21201
01020
02221
20221
22121
12002
00211
22212
01001
12110
01010
22201
10222
02110
11010
10212
01011
20120
22221
10102
02200
22121
00021
22101
21110
00121
12210
20100
10102
20200
10010
00201
01102
00201
00010
21220
00112
21211
12020
12110
11210
10211
22200
21120
12210
00102
22211
11212
22211
12202
22222
12200
21220
21120
01010
00212
12020
22111
00102
12010
11222
12021
22112
00220
10120
10202
10201
10001
12022
01102
21001
02221
10121
01121
01222
00102
22021
02021
02012
00100
22221
02121
00120
11021
11222
21010
01210
20211
11200
21200
01012
10022
11122
21012
02220
10221
21122
20220
10021
00022
01201
20201
11120
10110
10020
20012
11212
00111
10220
00212
11211
21022
20222
21001
02201
01021
22001
01201
01212
02220
00110
12110
11020
02211
11210
00100
02222
02112
21100
11210
00002
21202
11001
02011
01222
01220
22000
22122
00112
01100
21201
20020
10220
02112
10002
20110
22212
11211
02112
21001
20200
00001
12101
21011
21001
01012
11112
20222
12202
22221
22021
12011
21012
11000
01121
21002
22202
12222
20020
20022
11122
22221
22201
01022
12120
21000
11100
01210
12100
02201
10102
21222
20012
12111
22110
11010
22112
00202
10121
01012
21212
02211
20112
12212
22011
11100
10011
21020
22111
00101
10121
10110
02122
11012
10212
20111
22011
12111
00002
22022
21022
20001
10100
20110
12221
21220
11222
20020
12212
11201
22210
22111
01121
01021
21202
12011
12200
21102
02212
02221
10011
02002
20221
02111
00112
10211
20220
01000
22110
22120
10120
10002
02022
12112
10201
20221
11110
01221
02210
00212
00102
10021
11122
10100
01210
22120
02012
00020
01010
12220
00110
12200
22101
00200
00200
01121
00000
21021
01112
02112
00211
22110
22222
00121
11012
10000
21111
00200
11102
22000
11222
10121
22010
22222
21121
02012
12211
20210
11022
01121
10222
00112
21122
01022
10010
00222
11001
22221
22011
01011
00211
01022
11200
00202
22001
12120
22012
12121
11222
22020
01212
02122
12001
21011
10122
02212
22110
12021
22020
12121
11121
12001
02021
01001
11101
12112
21202
02211
20010
21201
21122
21202
02211
20022
21012
01020
01020
01000
21202
10110
22100
10222
11012
20112
10122
20010
20101
12100
10100
20001
21021
22202
11022
12221
11012
00220
20201
12110
11000
11010
12110
20010
21201
11011
21002
20201
22202
22212
12211
12120
12210
10101
12202
00121
20021
12212
10000
01121
21000
02111
00222
10122
10021
02222
12110
20011
22211
10000
01101
20111
12102
22000
10210
22022
22100
20121
21201
20121
11120
21201
20110
10200
01000
01122
01201
12120
12221
01211
21001
10100
01102
00210
00000
20111
12220
22102
21010
02002
00210
01200
12021
01122
12121
10020
21100
20211
01220
02210
10020
20020
10112
20000
22102
20111
20211
20021
12211
22222
00012
01101
21000
01022
10221
21012
12011
20202
00202
00021
22220
01002
10111
22022
02112
02210
20221
02200
21011
02120
11012
20102
21012
20010
11122
21011
00222
21220
22022
00110
02211
01012
12110
10111
20120
02220
11200
22021
01202
21221
11222
21200
12022
12020
22122
12100
02102
10000
12021
10010
11001
12022
00220
20001
22021
01010
10210
02020
00020
12120
01022
22001
11110
20010
10221
01202
12201
00201
12100
22022
12201
01201
02100
00012
02122
11121
10001
11020
02222
01012
22111
10202
12122
01210
22011
21200
10201
21220
10201
00221
21102
20000
22001
11001
02102
20202
20110
20012
01101
00012
02012
22111
12010
01010
20121
12212
00011
10211
10101
21222
20011
00202
12021
01212
11122
22020
20201
02212
20110
20022
01210
12020
10111
10121
22100
20000
20002
12112
20200
11201
20011
12121
10020
01021
21000
02121
21102
10121
20020
02012
12210
21220
10012
02222
11222
02112
02222
00102
20201
21010
20021
20101
00211
21112
10211
00012
00100
22102
22120
21200
12110
22120
11121
02220
11210
20121
22101
20100
22101
21002
21222
10201
01011
20200
20021
22201
02020
20000
22202
22121
02010
20201
10102
11220
01210
11212
10110
11001
02201
02210
12201
21102
11221
22002
02212
22021
22000
20201
02010
21121
21001
12012
10202
00112
11220
01112
10100
11002
01222
10221
12000
10202
22221
10101
12021
01110
02102
20201
01220
22121
02000
11220
12210
11200
01101
00201
00122
10212
01112
02200
02122
12112
11222
02221
10011
22010
10212
22120
12212
10112
01002
10102
12200
10012
10122
21220
10221
11020
22211
20211
22111
10120
01100
11210
10022
00221
21012
10021
00222
11221
20221
20101
10200
21101
22012
00112
20021
10011
00112
20201
20011
10202
12111
20110
11000
02001
10110
22202
21010
12220
20012
20112
02102
01020
01120
22000
02110
01102
21222
22010
12002
11122
20220
20001
20121
02211
20012
11011
11222
20022
11020
10022
12110
11112
22212
21100
00210
02020
00001
22102
00110
10001
00201
11010
20011
00201
20122
00102
22201
22200
12121
20210
11021
20221
22000
22222
11021
22121
10221
12101
01001
01111
12212
01120
21210
11021
21002
12020
22101
20212
11101
22010
22101
22001
01112
02101
20022
22122
22202
10011
20221
20101
11211
21011
02012
00222
01120
12202
02112
02222
10202
12222
02211
12011
00122
10211
20222
11020
02201
10112
01220
01200
11120
11220
01000
12101
21202
01112
00201
10101
22202
01100
20222
21011
02002
02000
11212
22101
02221
22022
22211
20211
22111
10120
10001
11210
10022
00221
22220
00200
00222
11221
20221
22010
10221
21201
10000
01112
02110
11120
22220
11102
11222
02010
11012
01200
20112
12002
01012
12211
20121
01001
11100
22221
20010
02221
22200
11120
21112
10110
02210
21220
11202
20212
21010
02121
02020
01100
20002
00121
00121
21121
12211
12010
01010
11021
11010
11000
21010
12222
10022
00021
01000
11122
21101
22122
01221
10202
10220
21210
21021
12102
11111
01012
21112
10001
22210
11211
10201
01100
10100
21022
21111
22202
11212
21010
02102
12022
01111
22102
02111
01212
00220
10020
00012
12220
11200
00110
10011
20210
22110
20200
22122
11121
22221
12110
01112
12100
22200
12122
02222
10101
21201
21100
10000
02012
01121
11200
12110
01112
10200
10010
21212
12021
22112
00220
10120
10202
10201
10001
12022
01102
21001
02221
10121
01121
01222
00102
01011
21000
01002
00011
10211
00000
22021
01021
12221
02000
10011
02222
02222
10210
02201
11212
20022
20220
12210
12112
12112
22111
12222
12011
10212
20101
02120
12021
02122
11120
01022
22221
10000
11022
22212
02010
01212
11222
12021
20021
01100
02011
11221
00212
10212
12210
00200
11210
11210
22201
22101
21212
22022
22010
02120
22021
20202
20121
02102
20020
